669.69
651.93
662.93
664.68
676.31
630.12
666.90
637.34
664.15
651.93
654.84
580.22
651.28
647.85
651.91
664.78
658.84
633.51
610.19
642.06
679.91
656.24
664.15
638.09
667.98
651.91
651.91
659.75
650.17
650.09
Mean 651.388127	 	Std Dev 19.716650	 
Min: 580.222748	 
Max: 679.909533	 
669.69
651.93
662.93
664.68
676.31
630.12
666.90
637.34
664.15
651.93
654.84
580.22
651.28
647.85
651.91
664.78
658.84
633.51
610.19
642.06
679.91
656.24
664.15
638.09
667.98
651.91
651.91
659.75
650.17
650.09
Mean 651.388127	 	Std Dev 19.716650	 
Min: 580.222748	 
Max: 679.909533	 
665.22
657.84
644.15
651.46
665.61
658.63
672.95
642.39
638.26
657.84
663.21
580.22
604.47
667.12
656.85
668.93
665.22
638.08
637.06
654.19
629.69
643.41
638.26
643.41
675.50
656.85
656.85
660.88
665.10
650.09
Mean 650.324683	 	Std Dev 19.939211	 
Min: 580.222748	 
Max: 675.496501	 
