1068.62
1065.10
1033.49
1058.78
1043.53
1072.49
1015.65
1027.38
1028.52
1069.11
1083.49
1059.84
1077.98
1053.93
1057.10
1045.14
1068.62
1057.04
1078.75
1038.34
1036.75
1054.17
1028.52
1054.17
1067.02
1057.10
1057.10
1072.60
1071.65
986.94
Mean 1052.964164	 	Std Dev 21.330643	 
Min: 986.936742	 
Max: 1083.490208	 
1068.62
1065.10
1033.49
1058.78
1043.53
1072.49
1015.65
1027.38
1028.52
1069.11
1083.49
1059.84
1077.98
1053.93
1057.10
1045.14
1068.62
1057.04
1078.75
1038.34
1036.75
1054.17
1028.52
1054.17
1067.02
1057.10
1057.10
1072.60
1071.65
986.94
Mean 1052.964164	 	Std Dev 21.330643	 
Min: 986.936742	 
Max: 1083.490208	 
