1169.76
1056.80
1147.54
1124.23
1076.57
1158.77
1126.76
1148.43
1079.36
1056.80
1098.75
1135.68
1160.45
1149.89
1122.51
1113.10
1169.76
1152.82
1164.60
1126.76
1162.35
1171.57
1079.36
1056.20
1148.70
1122.51
1122.51
1087.88
1155.25
1133.89
Mean 1125.985037	 	Std Dev 36.393075	 
Min: 1056.197261	 
Max: 1171.570391	 
1169.76
1056.80
1147.54
1124.23
1076.57
1158.77
1126.76
1148.43
1079.36
1056.80
1098.75
1135.68
1160.45
1149.89
1122.51
1113.10
1169.76
1152.82
1164.60
1126.76
1162.35
1171.57
1079.36
1056.20
1148.70
1122.51
1122.51
1087.88
1155.25
1133.89
Mean 1125.985037	 	Std Dev 36.393075	 
Min: 1056.197261	 
Max: 1171.570391	 
