3567.37
3567.37
3605.48
3584.10
3567.37
3605.48
3567.37
3595.08
3595.08
3567.37
3567.37
3595.08
3605.48
3567.37
3471.60
3621.39
3567.37
3621.39
3471.60
3567.37
3471.60
3595.08
3595.08
3595.08
3595.08
3471.60
3471.60
3471.60
3595.08
3593.13
Mean 3564.431702	 	Std Dev 49.844361	 
Min: 3471.600637	 
Max: 3621.390995	 
3567.37
3567.37
3605.48
3584.10
3567.37
3605.48
3567.37
3595.08
3595.08
3567.37
3567.37
3595.08
3605.48
3567.37
3471.60
3621.39
3567.37
3621.39
3471.60
3567.37
3471.60
3595.08
3595.08
3595.08
3595.08
3471.60
3471.60
3471.60
3595.08
3593.13
Mean 3564.431702	 	Std Dev 49.844361	 
Min: 3471.600637	 
Max: 3621.390995	 
