1543.84
1564.70
1578.45
1591.17
1554.59
1429.05
1574.64
1569.42
1570.90
1564.70
1597.65
1507.36
1564.84
1567.74
1566.83
1571.94
1555.19
1549.20
1589.77
1571.69
1534.53
1526.91
1553.39
1526.91
1590.02
1566.83
1566.83
1547.93
1565.06
1511.04
Mean 1555.770524	 	Std Dev 32.562112	 
Min: 1429.049681	 
Max: 1597.645296	 
1543.84
1564.70
1578.45
1591.17
1554.59
1429.05
1574.64
1569.42
1570.90
1564.70
1597.65
1507.36
1564.84
1567.74
1566.83
1571.94
1555.19
1549.20
1589.77
1571.69
1534.53
1526.91
1553.39
1526.91
1590.02
1566.83
1566.83
1547.93
1565.06
1511.04
Mean 1555.770524	 	Std Dev 32.562112	 
Min: 1429.049681	 
Max: 1597.645296	 
